ABX37382.1      WP_039806850.1  41.858  2616    1388    53      3319    5880    35      2571    0.0     1526
ABX37382.1      WP_039806850.1  46.843  1061    507     23      3295    4337    1522    2543    0.0     783
ABX37382.1      WP_039806850.1  42.725  1079    563     24      1130    2182    1522    2571    0.0     679
ABX37382.1      WP_039806850.1  36.425  1488    804     37      7       1458    6       1387    0.0     668
ABX37382.1      WP_039806850.1  41.030  1087    577     25      2210    3269    1522    2571    0.0     618
ABX37382.1      WP_039806850.1  41.298  1063    555     26      53      1094    1557    2571    4.70e-176       600
ABX37382.1      WP_039806850.1  34.395  1099    622     35      4829    5883    24      1067    4.99e-114       400
ABX37382.1      WP_039806850.1  35.082  915     535     23      1294    2178    175     1060    3.17e-104       368
ABX37382.1      WP_039806850.1  31.500  1273    749     35      2248    3482    49      1236    2.90e-102       361
ABX37382.1      WP_039806850.1  28.175  252     155     9       5       245     1045    1281    2.31e-06        45.1
ABX37382.1      WP_144411596.1  53.026  1107    480     16      1       1098    2       1077    0.0     1009
ABX37382.1      WP_144411596.1  48.482  1054    489     21      1163    2186    48      1077    0.0     820
ABX37382.1      WP_144411596.1  47.312  1023    468     21      2288    3275    93      1079    0.0     785
ABX37382.1      WP_144411596.1  42.010  995     491     28      3438    4392    151     1099    0.0     590
ABX37382.1      WP_144411596.1  34.836  1309    756     32      4847    6113    48      1301    1.54e-167       550
ABX37382.1      WP_144411596.1  26.739  460     278     22      4381    4813    44      471     1.34e-11        62.4
ABX37382.1      WP_039806856.1  52.408  1059    463     16      53      1098    695     1725    0.0     948
ABX37382.1      WP_039806856.1  39.258  1778    870     53      1625    3276    35      1728    0.0     892
ABX37382.1      WP_039806856.1  38.282  1758    891     47      544     2186    47      1725    0.0     889
ABX37382.1      WP_039806856.1  33.538  1795    965     58      2710    4368    23      1725    0.0     648
ABX37382.1      WP_039806856.1  34.358  1074    640     25      4842    5883    684     1724    1.56e-129       444
ABX37382.1      WP_039806856.1  27.488  1055    610     41      3804    4736    25      1046    1.48e-46        177
ABX37382.1      WP_039806856.1  27.826  345     203     12      5617    5927    375     707     5.96e-12        63.5
ABX37382.1      WP_039806856.1  29.375  160     84      4       5330    5471    47      195     2.00e-06        45.4
ABX37382.1      WP_039806852.1  50.933  1125    509     20      9       1121    7       1100    0.0     930
ABX37382.1      WP_039806852.1  47.928  1062    499     19      2244    3276    45      1081    0.0     806
ABX37382.1      WP_039806852.1  46.820  1085    515     23      1144    2186    14      1078    0.0     795
ABX37382.1      WP_039806852.1  39.479  1074    576     26      3329    4368    45      1078    1.63e-175       566
ABX37382.1      WP_039806852.1  34.358  1074    638     26      4842    5883    39      1077    2.75e-132       439
ABX37382.1      WP_039806852.1  30.627  271     165     8       4426    4682    87      348     1.27e-14        72.0
ABX37382.1      WP_082045525.1  36.902  439     256     10      4385    4820    33      453     1.68e-56        203
ABX37382.1      WP_082045525.1  25.983  712     452     20      4826    5510    8       671     2.62e-33        132
ABX37382.1      WP_082045525.1  29.051  685     418     25      1157    1810    13      660     5.90e-32        127
ABX37382.1      WP_082045525.1  38.506  174     107     0       2714    2887    479     652     7.80e-31        124
ABX37382.1      WP_082045525.1  35.577  208     129     2       3800    4005    473     677     1.59e-24        103
ABX37382.1      WP_039806854.1  43.902  82      45      1       4301    4381    1435    1516    4.40e-14        70.5
ABX37382.1      WP_039806854.1  50.000  74      36      1       1029    1101    1433    1506    4.25e-13        67.4
ABX37382.1      WP_039806854.1  51.389  72      34      1       2117    2187    1433    1504    1.50e-12        65.5
ABX37382.1      WP_039806854.1  43.243  74      41      1       3201    3273    1430    1503    4.39e-11        60.5
ABX37382.1      WP_039806854.1  40.000  75      43      1       5812    5886    1433    1505    2.64e-08        51.6
ABX37383.1      WP_039806850.1  52.121  1391    591     21      74      1438    39      1380    0.0     1216
ABX37383.1      WP_039806850.1  43.738  1054    549     16      1137    2177    38      1060    0.0     724
ABX37383.1      WP_039806850.1  41.980  1091    570     26      1111    2181    1524    2571    0.0     620
ABX37383.1      WP_039806850.1  39.138  1114    571     29      2214    3284    1522    2571    7.50e-164       560
ABX37383.1      WP_039806850.1  35.714  1036    585     29      85      1088    1557    2543    1.09e-124       433
ABX37383.1      WP_039806850.1  34.350  1016    573     32      2293    3269    90      1050    9.29e-102       358
ABX37383.1      WP_144411596.1  58.913  1049    396     14      1148    2185    53      1077    0.0     1092
ABX37383.1      WP_144411596.1  40.987  1054    573     18      85      1119    54      1077    0.0     662
ABX37383.1      WP_144411596.1  37.845  1086    575     29      2247    3288    48      1077    1.40e-154       511
ABX37383.1      WP_039806856.1  43.351  1737    819     43      560     2185    43      1725    0.0     1085
ABX37383.1      WP_039806856.1  41.013  1046    585     12      83      1115    693     1719    0.0     658
ABX37383.1      WP_039806856.1  33.202  1777    972     58      1636    3291    46      1728    0.0     599
ABX37383.1      WP_039806856.1  25.954  655     367     23      2723    3292    46      667     7.27e-21        92.0
ABX37383.1      WP_039806852.1  53.172  1119    485     16      1099    2205    9       1100    0.0     1016
ABX37383.1      WP_039806852.1  39.675  1109    625     12      20      1119    5       1078    0.0     665
ABX37383.1      WP_039806852.1  37.802  1119    601     27      2248    3328    45      1106    2.37e-159       518
ABX37383.1      WP_082045525.1  41.727  139     81      0       1642    1780    496     634     7.44e-29        116
ABX37383.1      WP_082045525.1  36.041  197     112     3       2709    2903    476     660     4.96e-24        101
ABX37383.1      WP_082045525.1  27.372  643     380     24      117     731     67      650     1.69e-22        96.3
ABX37383.1      WP_082045525.1  28.102  274     170     11      1181    1443    67      324     3.38e-10        56.6
ABX37383.1      WP_039806854.1  51.351  74      35      1       2116    2188    1433    1506    2.60e-14        70.5
ABX37383.1      WP_039806854.1  48.000  75      38      1       1050    1123    1433    1507    2.01e-13        67.4
ABX37383.1      WP_039806854.1  46.250  80      42      1       3213    3291    1427    1506    9.28e-12        62.0
ABX37384.1      WP_039806854.1  57.593  1554    614     18      2       1548    4       1519    0.0     1472
ABX37384.1      WP_039806850.1  41.905  105     55      3       1438    1537    973     1076    2.97e-15        72.4
ABX37384.1      WP_039806850.1  46.154  65      33      1       1438    1500    2479    2543    8.14e-10        54.3
ABX37384.1      WP_144411596.1  37.288  118     71      2       1418    1532    960     1077    3.88e-15        71.6
ABX37384.1      WP_039806856.1  34.959  123     76      2       1417    1535    1606    1728    5.05e-13        64.7
ABX37384.1      WP_039806852.1  42.373  118     66      1       1417    1532    961     1078    1.52e-12        63.2
ABX37385.1      WP_039806856.1  57.039  1790    715     18      15      1788    12      1763    0.0     1877
ABX37385.1      WP_039806852.1  56.900  1058    427     10      698     1748    49      1084    0.0     1086
ABX37385.1      WP_039806852.1  26.282  624     374     23      47      663     531     1075    5.46e-26        107
ABX37385.1      WP_144411596.1  54.020  1107    463     14      656     1744    1       1079    0.0     1065
ABX37385.1      WP_144411596.1  26.307  631     361     25      47      660     528     1071    2.12e-26        108
ABX37385.1      WP_039806850.1  40.692  1069    581     23      687     1741    38      1067    0.0     631
ABX37385.1      WP_039806850.1  39.430  1088    540     31      698     1738    1556    2571    5.70e-168       559
ABX37385.1      WP_039806850.1  25.796  597     353     23      51      634     2024    2543    1.23e-21        93.6
ABX37385.1      WP_039806850.1  26.705  528     295     24      392     895     822     1281    5.05e-19        85.1
ABX37385.1      WP_039806850.1  30.994  171     93      6       47      211     523     674     1.33e-06        43.9
ABX37385.1      WP_082045525.1  28.254  630     352     23      736     1334    72      632     2.74e-28        114
ABX37385.1      WP_039806854.1  46.429  84      44      1       1663    1746    1425    1507    8.82e-14        67.4
ABX37386.1      WP_039806858.1  73.860  329     82      1       1       329     1       325     0.0     500
ABX37388.1      WP_039806861.1  65.546  238     82      0       5       242     6       243     1.62e-109       308
