ABX37382.1      NZ_CP011835.1   71.660  1669    379     44      8112    9733    4351324 4349703 0.0     765
ABX37382.1      NZ_CP011835.1   69.260  1555    418     33      4950    6471    4351231 4349704 8.33e-157       555
ABX37382.1      NZ_CP011835.1   68.533  1268    350     32      12391   13637   4347014 4345775 7.32e-107       389
ABX37382.1      NZ_CP011835.1   70.128  934     239     24      16340   17253   4347588 4346675 1.51e-96        355
ABX37382.1      NZ_CP011835.1   69.775  933     244     22      16340   17253   4354073 4353160 2.24e-94        347
ABX37382.1      NZ_CP011835.1   71.827  717     179     14      5851    6557    4347001 4346298 3.32e-92        341
ABX37382.1      NZ_CP011835.1   69.438  926     259     17      16340   17253   4358501 4357588 3.32e-92        340
ABX37382.1      NZ_CP011835.1   72.154  650     168     8       5851    6495    4353486 4352845 4.93e-90        333
ABX37382.1      NZ_CP011835.1   71.257  668     168     15      12391   13044   4353499 4352842 4.33e-78        294
ABX37382.1      NZ_CP011835.1   70.120  753     190     20      2554    3287    4347040 4346304 6.42e-76        286
ABX37382.1      NZ_CP011835.1   70.431  673     170     15      2554    3210    4353525 4352866 1.16e-72        276
ABX37382.1      NZ_CP011835.1   69.841  756     195     21      462     1205    4352407 4351673 1.41e-71        271
ABX37382.1      NZ_CP011835.1   69.846  650     175     11      2554    3191    4357953 4357313 8.93e-68        259
ABX37382.1      NZ_CP011835.1   68.123  1076    258     48      14544   15590   4355833 4354814 1.09e-66        255
ABX37382.1      NZ_CP011835.1   69.726  621     165     13      5851    6461    4357914 4357307 1.02e-60        235
ABX37382.1      NZ_CP011835.1   68.536  731     194     18      9106    9822    4347001 4346293 3.56e-60        233
ABX37382.1      NZ_CP011835.1   69.118  680     186     16      2546    3207    4350377 4349704 4.33e-59        230
ABX37382.1      NZ_CP011835.1   68.250  737     190     19      9106    9824    4353486 4352776 1.51e-58        229
ABX37382.1      NZ_CP011835.1   65.038  1699    476     62      12391   14037   4357927 4356295 3.33e-54        214
ABX37382.1      NZ_CP011835.1   76.761  284     63      1       9106    9386    4357914 4357631 3.33e-54        214
ABX37382.1      NZ_CP011835.1   67.917  773     203     24      465     1222    4349078 4348336 1.42e-52        209
ABX37382.1      NZ_CP011835.1   68.182  660     182     14      12376   13015   4350357 4349706 4.94e-52        206
ABX37382.1      NZ_CP011835.1   70.657  426     113     8       1627    2046    4351263 4350844 6.87e-44        180
ABX37382.1      NZ_CP011835.1   66.667  708     204     16      16861   17552   4350399 4349708 3.56e-41        170
ABX37382.1      NZ_CP011835.1   76.098  205     47      2       1635    1838    4347935 4347732 1.73e-32        142
ABX37382.1      NZ_CP011835.1   76.098  205     47      2       1635    1838    4358848 4358645 1.73e-32        142
ABX37382.1      NZ_CP011835.1   75.122  205     49      2       1635    1838    4354420 4354217 8.95e-30        133
ABX37382.1      NZ_CP011835.1   65.511  577     177     8       8017    8582    4354584 4354019 3.80e-28        128
ABX37382.1      NZ_CP011835.1   67.742  465     132     12      11422   11874   4351290 4350832 1.33e-27        125
ABX37382.1      NZ_CP011835.1   65.380  803     223     28      465     1240    4360003 4359229 1.97e-25        119
ABX37382.1      NZ_CP011835.1   65.120  582     180     9       8013    8582    4359017 4358447 2.40e-24        115
ABX37382.1      NZ_CP011835.1   65.217  552     170     8       8042    8582    4348074 4347534 2.40e-24        114
ABX37382.1      NZ_CP011835.1   67.320  459     118     15      11412   11851   4347980 4347535 8.38e-24        113
ABX37382.1      NZ_CP011835.1   67.320  459     118     15      11412   11851   4358893 4358448 8.38e-24        113
ABX37382.1      NZ_CP011835.1   70.412  267     69      5       4865    5129    4347990 4347732 8.38e-24        113
ABX37382.1      NZ_CP011835.1   70.412  267     69      5       4865    5129    4358903 4358645 8.38e-24        113
ABX37382.1      NZ_CP011835.1   70.370  270     64      7       4865    5129    4354475 4354217 1.02e-22        110
ABX37382.1      NZ_CP011835.1   67.102  459     119     15      11412   11851   4354465 4354020 1.02e-22        109
ABX37382.1      NZ_CP011835.1   69.231  273     72      6       5818    6087    1868939 1869202 1.85e-19        98.7
ABX37382.1      NZ_CP011835.1   66.440  441     128     13      15963   16393   4351285 4350855 3.34e-16        88.7
ABX37382.1      NZ_CP011835.1   69.907  216     57      4       16938   17152   1868980 1869188 1.16e-15        86.9
ABX37382.1      NZ_CP011835.1   91.525  59      5       0       16333   16391   1868372 1868430 4.06e-15        85.1
ABX37382.1      NZ_CP011835.1   72.316  177     40      5       13880   14052   4345545 4345374 4.06e-15        85.1
ABX37382.1      NZ_CP011835.1   79.787  94      18      1       9269    9362    1869129 1869221 4.95e-14        81.5
ABX37382.1      NZ_CP011835.1   86.364  66      9       0       11800   11865   1868381 1868446 1.73e-13        79.7
ABX37382.1      NZ_CP011835.1   87.719  57      7       0       8528    8584    1868379 1868435 2.57e-11        72.5
ABX37382.1      NZ_CP011835.1   71.338  157     39      4       17877   18030   4344779 4344626 3.12e-10        68.9
ABX37382.1      NZ_CP011835.1   85.965  57      8       0       5273    5329    1868379 1868435 3.12e-10        68.0
ABX37382.1      NZ_CP011835.1   74.747  99      25      0       6372    6470    1869493 1869591 1.09e-09        67.1
ABX37382.1      NZ_CP011835.1   71.667  120     34      0       2696    2815    1869069 1869188 3.81e-09        64.4
ABX37382.1      NZ_CP011835.1   90.698  43      4       0       3012    3054    1869388 1869430 4.64e-08        60.8
ABX37382.1      NZ_CP011835.1   86.000  50      7       0       1983    2032    4347587 4347538 1.62e-07        59.9
ABX37382.1      NZ_CP011835.1   86.000  50      7       0       1983    2032    4354072 4354023 1.62e-07        59.9
ABX37382.1      NZ_CP011835.1   86.000  50      7       0       1983    2032    4358500 4358451 1.62e-07        59.9
ABX37382.1      NZ_CP011835.1   85.714  49      7       0       1984    2032    1868381 1868429 5.65e-07        58.1
ABX37382.1      NZ_CP011835.1   80.328  61      12      0       12565   12625   1869128 1869188 5.65e-07        57.2
ABX37382.1      NZ_CP011835.1   67.757  214     60      6       157     367     4352709 4352502 5.65e-07        57.2
ABX37382.1      NZ_CP011835.1   81.818  55      10      0       11814   11868   2295857 2295911 1.97e-06        55.4
ABX37382.1      NZ_CP011835.1   89.744  39      4       0       11813   11851   3049812 3049774 6.88e-06        53.6
ABX37383.1      NZ_CP011835.1   65.879  2793    776     88      2593    5325    4353519 4350844 7.11e-142       504
ABX37383.1      NZ_CP011835.1   69.952  832     218     22      3721    4539    4349110 4348298 1.29e-81        304
ABX37383.1      NZ_CP011835.1   69.867  750     188     20      5824    6548    4347040 4346304 5.14e-74        279
ABX37383.1      NZ_CP011835.1   70.353  651     161     15      5824    6452    4353525 4352885 3.24e-70        266
ABX37383.1      NZ_CP011835.1   70.044  681     169     18      5816    6468    4350377 4349704 4.81e-68        260
ABX37383.1      NZ_CP011835.1   71.556  559     139     12      757     1308    4348882 4348337 5.86e-67        256
ABX37383.1      NZ_CP011835.1   69.753  648     170     12      5824    6452    4357953 4357313 5.86e-67        255
ABX37383.1      NZ_CP011835.1   67.769  726     144     28      9101    9804    4353494 4352837 2.19e-53        210
ABX37383.1      NZ_CP011835.1   68.129  684     130     27      9101    9764    4347009 4346394 7.63e-53        209
ABX37383.1      NZ_CP011835.1   75.000  296     60      4       9101    9392    4357922 4357637 4.81e-49        196
ABX37383.1      NZ_CP011835.1   68.182  660     168     22      2608    3255    4350348 4349719 3.04e-45        183
ABX37383.1      NZ_CP011835.1   66.573  715     194     16      2593    3298    4347034 4346356 1.06e-44        181
ABX37383.1      NZ_CP011835.1   69.259  553     144     18      754     1293    4352211 4351672 1.57e-42        174
ABX37383.1      NZ_CP011835.1   68.467  463     108     11      8949    9392    4350499 4350056 9.93e-39        162
ABX37383.1      NZ_CP011835.1   65.906  701     188     19      2593    3281    4357947 4357286 2.19e-34        148
ABX37383.1      NZ_CP011835.1   76.303  211     44      6       4910    5117    4354424 4354217 1.38e-30        134
ABX37383.1      NZ_CP011835.1   75.238  210     48      4       4910    5117    4347939 4347732 1.68e-29        131
ABX37383.1      NZ_CP011835.1   75.238  210     48      4       4910    5117    4358852 4358645 1.68e-29        131
ABX37383.1      NZ_CP011835.1   71.556  225     58      6       8118    8339    4347992 4347771 3.47e-19        96.9
ABX37383.1      NZ_CP011835.1   71.831  213     54      6       8130    8339    4358893 4358684 4.23e-18        93.3
ABX37383.1      NZ_CP011835.1   71.171  222     50      8       256     472     4349365 4349153 5.15e-17        89.7
ABX37383.1      NZ_CP011835.1   68.085  329     80      12      1804    2118    4351146 4350829 5.15e-17        89.7
ABX37383.1      NZ_CP011835.1   71.362  213     55      6       8130    8339    4354465 4354256 1.80e-16        88.7
ABX37383.1      NZ_CP011835.1   70.089  224     58      6       2623    2844    1868971 1869187 2.19e-15        84.2
ABX37383.1      NZ_CP011835.1   74.783  115     29      0       9226    9340    1869074 1869188 3.25e-13        77.9
ABX37383.1      NZ_CP011835.1   93.878  49      3       0       2044    2092    1868384 1868432 1.13e-12        76.1
ABX37383.1      NZ_CP011835.1   65.008  603     169     22      3920    4498    4359836 4359252 1.13e-12        76.1
ABX37383.1      NZ_CP011835.1   83.784  74      10      2       2043    2115    4347584 4347512 3.96e-12        73.4
ABX37383.1      NZ_CP011835.1   83.784  74      10      2       2043    2115    4354069 4353997 3.96e-12        73.4
ABX37383.1      NZ_CP011835.1   83.784  74      10      2       2043    2115    4358497 4358425 3.96e-12        73.4
ABX37383.1      NZ_CP011835.1   69.112  259     62      12      9516    9764    4357557 4357307 4.82e-11        69.8
ABX37383.1      NZ_CP011835.1   89.796  49      5       0       8557    8605    1868384 1868432 5.88e-10        67.1
ABX37383.1      NZ_CP011835.1   73.950  119     28      3       1176    1293    4359381 4359265 2.05e-09        65.3
ABX37383.1      NZ_CP011835.1   85.455  55      8       0       8556    8610    4347584 4347530 2.05e-09        64.4
ABX37383.1      NZ_CP011835.1   85.455  55      8       0       8556    8610    4354069 4354015 2.05e-09        64.4
ABX37383.1      NZ_CP011835.1   85.455  55      8       0       8556    8610    4358497 4358443 2.05e-09        64.4
ABX37383.1      NZ_CP011835.1   89.130  46      5       0       8557    8602    4350903 4350858 2.50e-08        61.7
ABX37383.1      NZ_CP011835.1   90.698  43      4       0       6273    6315    1869388 1869430 2.50e-08        60.8
ABX37383.1      NZ_CP011835.1   86.000  50      7       0       5262    5311    4347587 4347538 8.72e-08        59.9
ABX37383.1      NZ_CP011835.1   86.000  50      7       0       5262    5311    4354072 4354023 8.72e-08        59.9
ABX37383.1      NZ_CP011835.1   86.000  50      7       0       5262    5311    4358500 4358451 8.72e-08        59.9
ABX37383.1      NZ_CP011835.1   85.714  49      7       0       5263    5311    1868381 1868429 3.04e-07        58.1
ABX37383.1      NZ_CP011835.1   77.027  74      16      1       249     321     4352714 4352641 3.71e-06        54.5
ABX37383.1      NZ_CP011835.1   86.364  44      6       0       3074    3117    1869387 1869430 3.71e-06        53.6
ABX37384.1      NZ_CP011835.1   66.314  567     165     12      764     1317    2536547 2535994 7.86e-30        132
ABX37384.1      NZ_CP011835.1   77.586  116     23      3       4393    4506    4349818 4349704 3.57e-15        82.4
ABX37384.1      NZ_CP011835.1   76.667  90      21      0       4416    4505    1869502 1869591 7.86e-11        68.9
ABX37385.1      NZ_CP011835.1   69.410  2527    648     63      2710    5181    4352121 4349665 0.0     902
ABX37385.1      NZ_CP011835.1   71.407  654     161     12      4474    5120    4347034 4346400 1.98e-82        306
ABX37385.1      NZ_CP011835.1   71.407  654     161     12      4474    5120    4353519 4352885 1.98e-82        306
ABX37385.1      NZ_CP011835.1   71.624  511     132     8       4474    4979    4357947 4357445 5.68e-64        244
ABX37385.1      NZ_CP011835.1   66.395  982     276     35      2825    3779    4348686 4347732 8.44e-43        175
ABX37385.1      NZ_CP011835.1   65.966  999     259     41      2820    3779    4359601 4358645 6.49e-38        158
ABX37385.1      NZ_CP011835.1   73.430  207     51      4       3575    3779    4354421 4354217 8.44e-24        112
ABX37385.1      NZ_CP011835.1   71.493  221     55      4       4510    4729    1868975 1869188 1.25e-21        104
ABX37385.1      NZ_CP011835.1   76.154  130     27      3       1313    1440    4533518 4533645 3.36e-16        86.0
ABX37385.1      NZ_CP011835.1   87.273  55      7       0       3931    3985    1868381 1868435 9.02e-11        68.9
ABX37385.1      NZ_CP011835.1   74.737  95      24      0       509     603     2647340 2647246 1.10e-09        64.4
ABX37385.1      NZ_CP011835.1   67.925  265     67      12      4876    5131    1869332 1869587 1.63e-07        58.1
ABX37385.1      NZ_CP011835.1   67.956  181     53      3       517     693     4532728 4532907 1.63e-07        57.2
ABX37385.1      NZ_CP011835.1   81.481  54      10      0       3930    3983    4347587 4347534 1.99e-06        53.6
ABX37385.1      NZ_CP011835.1   81.481  54      10      0       3930    3983    4354072 4354019 1.99e-06        53.6
ABX37385.1      NZ_CP011835.1   81.481  54      10      0       3930    3983    4358500 4358447 1.99e-06        53.6
ABX37385.1      NZ_CP011835.1   86.047  43      6       0       2490    2532    4352341 4352299 6.94e-06        51.8
