ABX37382.1      WP_144411596.1  53.026  1107    480     16      1       1098    2       1077    0.0     1009
ABX37382.1      WP_039806856.1  52.408  1059    463     16      53      1098    695     1725    0.0     948
ABX37382.1      WP_039806852.1  50.933  1125    509     20      9       1121    7       1100    0.0     930
ABX37382.1      WP_039806854.1  50.000  74      36      1       1029    1101    1433    1506    4.25e-13        67.4
ABX37382.1      WP_039806854.1  51.389  72      34      1       2117    2187    1433    1504    1.50e-12        65.5
ABX37383.1      WP_039806850.1  52.121  1391    591     21      74      1438    39      1380    0.0     1216
ABX37383.1      WP_144411596.1  58.913  1049    396     14      1148    2185    53      1077    0.0     1092
ABX37383.1      WP_039806852.1  53.172  1119    485     16      1099    2205    9       1100    0.0     1016
ABX37383.1      WP_039806854.1  51.351  74      35      1       2116    2188    1433    1506    2.60e-14        70.5
ABX37384.1      WP_039806854.1  57.593  1554    614     18      2       1548    4       1519    0.0     1472
ABX37385.1      WP_039806856.1  57.039  1790    715     18      15      1788    12      1763    0.0     1877
ABX37385.1      WP_039806852.1  56.900  1058    427     10      698     1748    49      1084    0.0     1086
ABX37385.1      WP_144411596.1  54.020  1107    463     14      656     1744    1       1079    0.0     1065
ABX37386.1      WP_039806858.1  73.860  329     82      1       1       329     1       325     0.0     500
ABX37388.1      WP_039806861.1  65.546  238     82      0       5       242     6       243     1.62e-109       308
